0,360
30,3
30,2
30,1
30,0
0,359
0,358
29,4
29,3
29,2
29,1
29,0
0,357
0,356
28,3
28,2
28,1
28,0
0,355
0,354
27,4
27,3
27,2
27,1
27,0
0,353
0,352
26,3
26,2
26,1
26,0
0,351
0,350
25,3
25,2
25,1
25,0
0,349
0,348
24,5
24,4
24,3
24,2
24,1
24,0
0,347
0,346
23,3
23,2
23,1
23,0
0,345
0,344
22,3
22,2
22,1
22,0
0,343
0,342
21,6
21,5
21,4
21,3
21,2
21,1
21,0
0,341
0,340
20,7
20,6
20,5
20,4
20,3
20,2
20,1
20,0
0,339
0,338
19,3
19,2
19,1
19,0
0,337
2,5
2,1
2,4
2,2
2,0
0,336
18,4
18,3
18,2
18,1
18,0
0,335
0,334
17,6
17,5
17,4
17,3
17,2
17,1
17,0
0,333
0,332
16,5
16,4
16,3
16,2
16,1
16,0
0,331
0,330
15,6
15,5
15,4
15,3
15,2
15,1
15,0
0,329
0,328
14,6
14,5
14,4
14,3
14,2
14,1
14,0
0,327
0,326
13,5
13,4
13,3
13,2
13,1
13,0
0,325
0,324
0,323
12,3
12,2
12,1
12,0
0,322
0,321
11,6
11,5
11,4
11,3
11,2
11,1
11,0
0,320
0,319
10,6
10,5
10,4
10,3
10,2
10,1
10,0
0,318
0,317
9,4
9,3
9,2
9,1
9,0
0,316
0,315
8,4
8,3
8,2
8,1
8,0
0,314
0,313
7,4
7,3
7,2
7,1
7,0
0,1
0,312
0,243
0,0
6,3
6,2
6,1
6,0
5,4
5,3
5,2
5,1
5,0
4,3
2,3
1,3
0,9
0,300
0,299
0,298
0,297
0,296
0,295
0,294
0,293
0,292
0,291
0,290
0,289
0,288
0,287
0,286
0,285
0,284
0,283
0,282
0,281
0,280
0,279
0,278
0,277
0,276
0,275
0,274
0,273
0,272
0,271
0,270
0,269
0,268
0,267
0,266
0,265
0,264
0,263
0,262
0,261
0,260
0,259
0,258
0,257
0,256
0,255
0,254
0,253
0,252
0,251
0,250
0,249
0,248
0,247
0,246
0,245
0,244
0,242
0,241
0,240
0,239
0,238
0,237
0,236
0,235
0,234
0,233
0,232
0,231
0,230
0,229
0,228
0,227
0,226
0,225
0,224
0,223
0,222
0,221
0,220
0,219
0,218
0,217
0,216
0,215
0,214
0,213
0,212
0,211
0,210
0,209
0,208
0,207
0,206
0,205
0,204
0,203
0,202
0,201
0,200
0,199
0,198
0,197
0,196
0,195
0,194
0,193
0,192
0,63
0,62
0,61
0,60
0,59
0,58
0,57
0,56
0,55
0,54
0,53
0,52
0,51
0,50
0,311
0,49
0,310
0,48
0,309
0,47
0,308
0,46
0,307
0,45
0,301
0,6
0,5
0,304
0,303
0,306
0,305
0,302
0,12
0,10
0,8
0,11
0,4
0,2
0,3
0,7
